Kørt på commit-sha 1809ae0ea7145e415bbe755d826178c16f91da48.

Parametre:layers: (256, 16, 4)
layer_amount: 2
layer_sizes: (256, 16)
dropout: 0.6
lr: 0.001
startbatch: 0
optimizer_info: Adam (
Parameter Group 0
    amsgrad: False
    betas: (0.9, 0.999)
    eps: 1e-08
    lr: 0.001
    weight_decay: 0
)
rewarder: RewarderCombination, rewarders = ['ScoreChange: gamma = None', 'BoardVariance: corner = all, gamma = None', 'HeuristicsReward: factor = 1,  weights = [3, 1, 1, 3], gamma = None'], weights = (1, 1, 1), gamma = 0.95, product_weight False
nbatches: 500
batchsize: 50
determinism: [False, False]
hot_one: True

Gennemsnitsscore	Maxtile
1280	125
1031	100
947	88
1041	101
1139	113
1068	103
1189	114
972	94
1134	106
1058	99
1142	112
1010	94
1134	106
1196	118
1023	99
1168	115
1155	112
1053	101
1190	117
1066	106
1025	101
1034	104
1144	112
1070	103
1064	106
1134	113
924	90
1049	103
1070	103
1134	112
1125	107
1100	104
996	98
1065	97
1056	99
1055	101
1067	101
1227	120
995	99
1025	101
1135	112
1157	108
1013	100
1016	100
1071	104
1105	106
1111	104
1017	99
1109	107
1097	104
1183	113
1171	109
1099	101
1118	103
1132	110
1145	105
1209	117
1026	102
1054	106
1170	108
1226	117
1097	104
1108	107
1039	103
1180	112
1045	98
1307	130
1066	101
1304	124
1225	118
1302	116
1291	119
1204	108
1324	119
1330	118
1382	128
1274	118
1470	130
1401	128
1483	138
1521	135
1435	120
1469	129
1569	141
1415	129
1534	133
1589	137
1571	136
1320	116
1682	139
1680	150
1656	149
1347	117
1576	135
1650	144
1778	152
1641	140
1783	157
1702	141
1511	133
1447	126
1491	128
1987	173
1737	148
1756	149
1485	133
1787	144
1724	145
1841	152
1744	147
1815	152
1826	151
1748	142
1634	135
1765	147
1924	160
1763	148
1881	157
1935	159
1931	167
1918	167
1829	145
1742	152
2110	172
1911	156
1934	161
1854	151
1922	160
1928	168
1876	154
2089	170
1714	147
1833	160
2012	178
2011	168
1797	148
1866	160
2198	183
1738	139
2014	170
1854	154
1790	163
1954	165
1891	158
1740	145
1930	152
1874	161
2026	172
1997	161
2133	176
1859	161
2117	186
1701	140
1790	158
1885	156
1844	156
1955	171
2111	177
2167	190
2043	174
1972	167
2224	186
1988	172
2333	186
2009	170
2010	161
2164	192
2173	190
1889	156
2193	192
2170	189
2097	185
1896	154
2222	180
1783	155
1983	159
2146	176
1995	167
2174	184
1851	153
1917	156
1760	154
2168	181
2118	177
2057	168
2310	194
1896	158
1848	160
2228	183
2105	174
2230	190
1939	158
2063	175
2382	193
1901	160
2012	175
2219	188
2217	188
2208	186
1832	148
2110	166
1796	148
2498	215
1967	159
1985	177
2061	181
1943	162
2011	179
2097	180
1921	163
2295	192
2068	174
1954	162
2028	176
2035	165
1982	163
2132	185
2107	158
2039	171
1956	166
2162	181
1952	158
2232	202
1946	165
2329	195
1961	164
2027	176
1913	161
1829	153
2243	190
2086	171
2046	177
1994	166
1899	157
2110	179
2124	171
2231	193
2239	179
2154	181
1830	154
2074	170
2192	179
2104	186
1861	159
2044	171
2218	197
1782	145
2080	175
2453	215
1919	158
2131	181
2074	168
1871	157
1839	149
2251	189
1916	161
1937	163
2009	166
2131	183
1860	154
2063	175
1859	151
1978	170
1892	160
2062	177
2006	167
1882	158
2133	175
2278	199
2060	179
2114	176
2261	195
2028	176
2100	176
1728	139
2079	172
1976	170
2031	181
1996	170
2026	167
2157	188
2264	183
2296	186
2003	170
1939	161
2007	167
2029	166
2237	193
2216	181
1714	144
1967	165
2187	177
1792	143
1905	159
2328	188
1891	166
2264	185
2026	162
2068	165
2156	183
1791	144
2296	197
1901	157
2062	173
2211	198
1847	144
2164	180
2095	184
2011	167
1884	158
1929	160
2312	200
1933	156
1952	167
2001	163
1906	163
2035	178
1967	166
2046	175
1824	158
1932	157
2203	181
2074	170
2064	173
2212	186
2241	184
2000	170
2126	183
2003	170
1988	167
2127	177
2156	176
1933	156
1945	165
1875	158
1974	170
2248	189
2112	174
2292	200
1986	163
1801	158
2161	186
2004	175
2182	180
2098	172
2207	177
2056	178
2291	190
2093	179
1928	161
2108	169
2004	168
2155	188
2087	176
1999	166
1750	149
2135	174
2369	195
2106	177
1910	158
2076	170
1808	152
2178	188
2107	179
1917	161
2019	175
2185	189
2080	178
1871	151
1971	167
2237	186
2175	179
1995	168
2059	181
2027	168
2137	179
2290	197
2138	172
2075	177
2069	167
2114	169
1908	167
2065	173
1883	156
2134	185
2332	200
1885	159
2116	169
1854	157
2091	169
2050	168
2106	176
2191	186
2018	161
2147	178
2004	172
1869	154
2077	165
2172	182
2104	179
1931	156
2085	180
2231	197
2073	173
2137	182
2049	180
2027	172
2074	174
1960	170
1870	158
2242	193
2179	178
1973	163
1856	154
1861	155
2357	198
2105	185
2092	184
2298	196
1836	156
1830	154
1878	151
1874	158
1892	158
2346	186
2084	175
1906	158
1766	162
2001	178
2081	174
1956	169
1956	167
1927	165
1865	153
1994	166
1855	158
1967	163
2048	186
1999	165
2031	170
1823	150
2182	183
2024	165
2203	180
2090	176
2106	172
1853	160
1962	177
2105	172
2316	200
1974	166
1810	152
2245	200
2052	174
1868	161
2127	188
2021	163
1778	151
2072	181
1930	161
2040	170
1716	151
2086	170
2280	195
2417	202
2005	176
1949	162
1781	150
2067	174
2247	191
1989	167
1804	158
1812	153
2148	167
2031	171
1961	163
1960	158
1968	163
2234	190
2257	187
2206	190
2102	180
2018	175
2228	188
2066	173
1813	149
1663	142
1935	167
2169	177
2279	183
1778	150
1726	140
1744	147
1755	146
1799	148
2311	202
1990	166
1772	145
1946	168
1908	161
