Kørt på commit-sha 6f49ddccaaa1c589538f53ac255adf7f74a9808b.

Parametre:layers: (256, 16, 4)
layer_amount: 2
layer_sizes: (256, 16)
dropout: 0.6
lr: 0.001
startbatch: 0
optimizer_info: SGD (
Parameter Group 0
    dampening: 0
    lr: 0.001
    momentum: 0
    nesterov: False
    weight_decay: 0
)
rewarder: RewarderCombination, rewarders = ['ScoreChange: gamma = None', 'BoardVariance: corner = all, gamma = None', 'HeuristicsReward: factor = 1,  weights = [3, 1, 1, 3], gamma = None'], weights = [1, 1, 1], gamma = 0.95, product_weight False
nbatches: 500
batchsize: 50
determinism: [False, False]
hot_one: True

Gennemsnitsscore	Maxtile
1054	104
1300	125
1122	113
1017	103
1072	105
1122	110
1015	96
908	83
1090	106
1074	107
1042	99
986	94
940	93
1037	102
1197	116
1182	115
1238	121
1122	112
1032	99
1187	115
1004	94
1052	103
901	89
1022	104
1095	107
1027	101
1037	101
1120	107
1071	103
1050	105
953	96
1162	113
977	92
995	95
988	96
946	94
955	90
1128	112
1260	120
1201	118
1163	113
992	96
1010	98
1105	112
1077	103
1147	112
1118	105
1189	119
1025	103
1074	104
1136	108
1013	92
1180	117
1287	122
1141	110
1079	110
1215	117
1117	108
1077	104
1122	114
1156	113
1015	97
1170	115
1062	103
1185	115
1068	105
950	92
1183	114
1042	102
1020	99
1096	110
1200	115
1119	110
1174	109
1091	109
1215	113
1167	115
1072	106
944	95
1165	116
1091	108
1119	111
1218	121
1156	115
1045	103
1011	99
1132	113
1193	122
1155	112
1000	96
1164	113
1203	120
1006	97
1081	105
1262	122
1048	109
1157	114
1334	126
1124	103
1121	112
1100	106
1156	107
1043	99
1114	106
1186	114
938	94
1172	122
1128	115
1036	101
1178	113
1148	115
1205	119
1105	110
1089	106
1019	102
1095	106
1150	108
999	97
1156	115
1148	113
1144	113
1144	110
1064	103
943	92
989	97
1212	115
1294	125
1060	105
1036	99
1083	106
1149	113
891	92
1037	101
1169	111
1191	112
1121	112
1191	111
1070	108
1083	108
957	94
1164	114
887	87
1251	119
1146	112
1130	113
960	89
1135	111
1071	103
1196	117
983	93
1082	102
1120	114
1098	108
1102	110
1013	102
1218	113
1079	113
1211	119
1196	118
1160	114
1099	106
1072	103
1220	117
1225	120
1064	104
1158	116
1080	101
1180	112
1106	109
1137	110
1105	106
1106	107
1074	101
1140	116
1008	97
1140	116
1150	113
1038	103
1121	112
1038	102
1074	104
1062	107
1078	106
1077	104
1105	103
1146	112
1135	110
1048	104
1100	110
1242	120
1101	112
1113	106
1110	112
1060	104
1188	118
1049	105
1203	119
1075	106
1069	107
1150	116
1291	126
1098	106
1060	110
1214	113
1012	99
1293	120
937	91
1112	110
1114	114
987	99
1119	110
1182	120
1088	110
1107	110
1047	105
1145	113
1145	109
1075	106
1053	104
1016	99
1016	96
1028	99
1153	111
1079	104
1056	106
1174	118
1197	122
1014	95
1137	108
1242	120
1023	98
1198	119
1134	107
1084	102
1179	117
1087	109
1192	119
1140	115
1174	112
1099	111
1213	111
1065	100
1059	99
1066	103
1015	100
998	98
1026	103
1103	112
1064	104
1105	107
1072	106
1302	122
1019	99
977	96
1115	104
1034	99
1147	114
1276	120
1130	115
1148	109
1078	109
1090	110
1285	133
1006	95
1031	96
1136	106
1137	112
1077	101
1011	97
994	100
1129	107
1218	120
1263	122
1088	106
1184	121
1032	101
1155	115
957	94
1080	102
1052	101
1141	110
1060	105
1095	106
1030	102
1038	101
1330	130
1181	119
1088	103
1297	136
1176	114
1137	111
1095	104
1037	103
1183	122
1146	107
1034	100
1069	100
1150	110
1105	110
1248	115
1145	110
1031	104
1087	106
1007	92
974	99
1118	113
1155	116
1082	109
1035	96
1102	110
1137	107
1176	112
1028	100
1077	107
1015	96
1191	113
1105	107
1119	106
1168	115
1090	110
1036	100
1159	110
1121	111
1150	114
1134	108
1199	115
1045	106
1095	108
1115	109
1149	110
1150	112
1053	101
1226	113
1119	105
1027	99
1183	122
1003	101
1135	111
1206	114
1142	112
1134	108
1096	108
1185	120
1063	103
1236	119
1222	123
1085	104
1028	99
1122	109
1022	103
1103	113
1177	110
1099	107
997	99
1151	106
1119	110
1070	97
1022	103
1084	109
1085	105
1126	113
1013	100
1003	102
1080	106
1136	106
1173	110
1175	111
1073	100
1001	96
1071	102
1068	100
1008	99
1127	111
939	90
1064	101
1038	101
1017	96
1002	96
1184	114
1127	109
1085	105
1202	117
1086	103
1094	101
1121	110
1144	111
1118	105
1068	100
914	88
1151	110
1057	104
1162	115
1067	108
1134	111
1034	100
1113	105
1284	122
1050	98
1151	116
995	96
1196	113
1094	103
1107	106
1215	121
1066	109
997	99
1249	122
1150	112
1142	108
984	97
1151	113
1058	105
1203	114
1049	100
1155	111
1116	104
1118	104
1299	126
1017	97
1134	108
1172	114
1226	113
1069	104
1120	108
1084	103
1030	103
1176	112
997	94
861	86
1166	117
1100	106
1118	108
1260	116
1115	104
1174	114
1164	113
1008	98
1247	122
1091	106
1084	109
1101	105
1060	102
1073	97
1176	113
1118	106
1252	119
1053	108
1193	120
1142	109
1132	108
1112	108
1075	103
1033	101
1005	96
1322	128
1187	108
1109	110
976	95
995	97
1134	110
982	96
1041	100
1080	103
1078	104
1181	113
1060	103
1133	110
1083	108
1195	109
1038	101
1005	97
1212	121
1086	106
1026	99
1089	106
1259	122
1124	105
1125	106
1034	95
1181	113
1082	104
1060	102
1286	124
1021	103
1179	112
1166	111
1176	112
1066	101
1195	110
1195	112
1270	121
1188	113
1039	101
1077	103
1152	110
1052	99
1101	106
1100	108
1215	118
1252	119
