
Netværk: 3 layers med [16, 32, 32] neuroner og bias = True.
Parametre: Learning-rate: 0.001, gamma: 0.99, dropout: 0.
Kørsel: 250 batches med størrelse 10



[1614.  1635.8 1552.2 1789.6 1424.4 1920.4 1400.8 2018.4 1533.8 1648.8
 1764.2 1764.  1725.2 1763.6 2174.4 1965.6 1753.6 2110.6 1659.8 1590.6
 1926.4 1235.6 2206.4 1393.6 1490.2 1941.  1922.6 1952.2 1576.2 1780.2
 1964.2 1945.2 1808.2 1627.8 1543.4 1515.  1780.6 1789.4 1527.8 1728.6
 2193.6 1604.2 1716.  1584.2 1701.2 1750.4 1762.2 1579.6 1780.2 1728.8
 2012.6 1590.6 2300.2 1817.2 1915.8 1548.  1835.4 1876.6 1940.4 1752.4
 1772.8 1579.4 1692.  2380.2 1953.8 1760.8 1933.6 1683.8 2307.  1721.
 1798.4 2279.2 1929.  1426.  1750.  2192.  2018.8 1995.  1734.4 2211.
 2157.8 1804.6 1849.  1674.  2221.4 1497.  1840.4 1847.  1713.8 1935.4
 1910.2 1931.4 1612.8 1729.4 1587.4 1812.2 1729.6 1495.  1887.2 1810.2
 1477.  1735.  1782.2 1876.4 2035.6 2337.  1820.4 2129.  1699.6 1642.8
 1835.6 1569.2 2001.8 1937.4 2081.6 1402.2 2145.8 1650.  1823.  1949.6
 1792.2 1649.2 1503.8 2038.  1592.6 1948.8 1701.6 2384.6 1382.2 1891.8
 1798.2 2117.2 1932.  1895.8 1571.4 2090.6 2014.  1557.2 1827.2 1993.2
 2149.  2047.8 2014.  2018.4 1777.8 1778.4 1698.  1812.6 1489.  1744.2
 1855.8 2502.4 1946.  1627.4 1795.8 1644.4 1945.  2502.2 2039.4 1828.
 2218.6 1831.2 2152.6 1686.4 2100.4 1970.8 2115.6 2017.8 1733.  1818.2
 2121.6 2404.2 2586.  1781.  2821.  2725.6 2103.6 2614.  2387.  2384.6
 2250.  2427.6 3038.4 2444.  1972.4 2941.6 3133.6 2827.  3355.2 2853.8
 3234.  2611.4 2871.4 2197.4 2472.8 2216.4 2915.2 2978.6 2810.2 3670.8
 2224.4 3014.  3175.4 3269.4 3140.4 3243.4 2616.8 2396.8 2764.  2788.6
 2778.  3133.8 2975.8 3304.4 2775.4 2789.6 2539.8 3182.2 2488.2 2415.
 2022.  3107.8 2869.4 3091.2 2490.  2594.2 2303.6 2603.2 3288.8 2747.
 2780.4 3011.6 2094.  2531.8 2975.2 2554.  2170.2 2582.8 3038.8 3412.4
 3005.8 3403.2 2431.6 2905.  2438.8 3029.4 2693.4 2784.4 2718.4 2615. ]