Ukendt commit-sha.
Parametre:layers: [16, 16, 4]
layer_amount: 2
layer_sizes: [16, 16]
gamma: 0.99
dropout: 0
bias: True
lr: 0.0005
nochange_punish: 0
optimizer_info: Adam (
Parameter Group 0
    amsgrad: False
    betas: (0.9, 0.999)
    eps: 1e-08
    lr: 0.0005
    weight_decay: 0
)
rewarder: BoardVariance
nbatches: 130
batchsize: 100
determinism: [True, False]


[1544.04 1438.6  1622.38 1536.36 1629.88 1451.16 1561.02 1675.34 1489.94
 1647.32 1642.76 1578.76 1605.16 1489.36 1590.2  1528.88 1595.46 1654.22
 1526.14 1613.68 1597.52 1629.42 1667.08 1582.86 1645.88 1856.8  1688.18
 1619.84 1681.72 1644.6  1579.46 1794.3  1729.26 1805.04 1674.32 1670.92
 1620.   1721.58 1720.96 1698.86 1623.58 1838.76 1874.38 1691.4  1917.18
 1816.9  1785.4  1796.4  1785.68 1842.14 1912.16 1722.82 1819.12 1951.82
 1877.22 1943.44 1892.04 1857.   1989.28 1987.48 2071.2  1930.08 1989.86
 1997.38 2202.28 2116.76 2184.16 2064.16 2128.34 2113.72 2178.4  2120.04
 2178.7  2420.84 2283.46 2441.46 2345.24 2265.16 2350.2  2291.56 2447.06
 2488.74 2508.92 2637.86 2677.26 2392.42 2584.54 2568.38 2558.5  2516.5
 2585.98 2596.5  2444.14 2393.48 2519.32 2477.4  2434.68 2494.98 2476.38
 2459.18 2318.48 2319.58 2282.74 2485.62 2262.14 2249.82 2146.28 2161.18
 2147.12 2104.1  2033.54 2171.02 2088.68 2240.54 2003.78 2020.   2004.46
 1935.42 2032.86 2053.1  1869.92 2002.02 1975.86 1916.4  1846.24 1866.76
 1953.72 1832.28 1966.22]


[1167.14720215 1359.87360352 1489.82320312 1556.46160156 1558.60239746
 1572.12239258 1581.45518555 1585.86238281 1592.10318359 1595.36158691
 1586.40079102 1577.39839355 1573.16559082 1570.4271875  1570.91278809
 1578.69918945 1587.17599609 1594.20480469 1602.03121094 1610.20641113
 1626.00721191 1642.80000977 1657.18880859 1673.26320801 1687.9984082
 1681.26880371 1676.43359863 1677.86479492 1680.27439453 1683.92399414
 1702.32560059 1709.51040527 1712.01120605 1706.21600098 1700.21359863
 1688.65918945 1692.82718262 1703.41437988 1716.18238281 1736.70158691
 1766.84719727 1786.10800781 1796.13761719 1811.1208252  1814.36962891
 1813.69603027 1812.65362793 1815.63922363 1821.49921387 1831.76400391
 1839.46958984 1856.44718262 1874.03117676 1886.46797852 1901.91198242
 1921.21519043 1935.27119141 1953.1263916  1969.8071875  1990.66958496
 2008.24398438 2034.45998535 2058.33358398 2087.12158691 2103.77518555
 2121.07197754 2125.64077637 2131.81917969 2144.45917969 2167.43118164
 2198.45999023 2241.0615918  2282.53999023 2309.4927832  2329.97998047
 2340.1687793  2347.08958008 2360.30238281 2387.84719727 2430.49600586
 2470.73520508 2509.06640625 2540.02560547 2556.30399414 2550.72398437
 2555.07198242 2556.06637695 2549.71277344 2539.93277344 2536.69597656
 2521.37357422 2499.0999707  2483.82957031 2478.4759668  2470.60395508
 2460.71834961 2452.70155273 2434.16155273 2412.67516602 2385.7127832
 2362.36080078 2336.68081055 2314.62801758 2278.66561523 2244.26322266
 2203.95602539 2171.57042969 2141.14723633 2128.00083984 2117.16323242
 2114.43522461 2104.05521484 2090.44480957 2064.79040527 2045.12160645
 2019.99121094 2001.42562012 1990.60802246 1983.43922852 1966.02322754
 1954.48402344 1941.11041504 1920.37601074 1906.29280273 1826.63439941
 1672.43199707 1442.01279785]