Ukendt commit-sha.
Parametre:layers: [16, 16, 4]
layer_amount: 2
layer_sizes: [16, 16]
gamma: 0.99
dropout: 0
bias: True
lr: 0.0005
nochange_punish: 0
optimizer_info: Adam (
Parameter Group 0
    amsgrad: False
    betas: (0.9, 0.999)
    eps: 1e-08
    lr: 0.0005
    weight_decay: 0
)
rewarder: BoardVariance
nbatches: 175
batchsize: 100
determinism: [False, True]


[1936.66 1882.28 1922.66 1938.8  1905.24 1929.74 1839.1  1921.18 1845.
 2144.32 1815.7  1977.66 2043.6  1983.38 1913.66 2044.44 2007.38 2023.44
 2004.96 1973.74 1950.14 2013.9  1859.72 1925.9  2011.8  1970.76 1987.64
 2075.   1957.92 1993.14 1880.9  1928.62 1980.76 1975.14 1947.74 1838.72
 2077.5  1813.16 2006.04 1985.44 1831.58 1836.78 2126.68 2079.44 2048.12
 2137.8  2157.72 1944.78 2046.34 1952.96 1976.68 2071.84 2053.08 1916.76
 1987.26 2096.42 1967.04 1943.46 2122.32 2071.44 2056.58 2074.9  1833.4
 1928.3  1900.22 2050.8  2155.52 2010.4  2028.68 2009.2  2111.82 2007.32
 2160.5  2025.32 2140.8  1949.36 2045.04 2014.7  2126.2  2001.06 2163.86
 2037.3  1953.84 2137.42 2016.36 2034.52 2127.1  1911.5  2106.58 2097.32
 2096.64 2239.28 2048.5  2067.18 2057.92 2162.18 2193.46 2169.58 2077.62
 2243.54 2236.16 2258.44 2311.12 2327.62 2385.66 2170.16 2218.44 2375.5
 2269.12 2118.9  2269.42 2401.52 2343.04 2539.94 2380.18 2440.88 2372.42
 2471.84 2532.36 2517.16 2462.88 2549.58 2509.32 2513.14 2666.56 2795.56
 2504.   2615.02 2668.26 2715.54 2812.42 2602.98 2808.1  2896.92 2774.16
 2908.76 2967.08 2882.34 2925.14 3008.94 2982.32 2850.12 2897.26 2931.98
 2978.22 3031.64 2784.52 3039.44 2953.96 2748.04 2850.22 2738.38 2833.1
 2632.26 2759.92 2599.92 2465.7  2794.48 2568.1  2413.38 2490.88 2418.56
 2317.06 2365.92 2396.74 2185.5  2433.24 2381.64 2352.74 2338.66 2247.26
 2272.72 2176.06 2115.16]


[1382.21612888 1594.37668525 1750.97279527 1859.42223782 1912.461124
 1913.22723389 1922.38390096 1932.18778822 1946.05612183 1951.44111803
 1964.63778347 1977.77500068 1984.15832859 1988.54610189 1992.03998481
 1997.45998467 1993.45387099 1985.46665107 1978.74276733 1972.20388455
 1965.69333564 1961.7283393  1964.59279039 1972.03446113 1975.65001763
 1978.17779541 1979.47279527 1976.29668511 1970.11001587 1957.76612345
 1954.51945326 1949.23611789 1944.84611681 1943.51611328 1939.24222141
 1939.20388794 1935.07055325 1941.54110379 1948.47832235 1959.36165704
 1982.53110419 2008.75443861 2031.3799981  2043.09556071 2051.65778605
 2054.15556505 2044.68723551 2031.4405721  2018.78446452 2013.62668864
 2010.18558078 2005.01057943 2004.66557482 2009.39556885 2017.69223022
 2021.40611437 2021.67555406 2025.08999973 2020.41166517 2010.8633355
 2002.13778008 1992.21833971 1991.43556722 1993.32112291 2007.25390625
 2020.55223931 2031.24057346 2044.13501316 2054.7194519  2061.39444987
 2060.33666653 2060.69166395 2059.95554945 2058.13110691 2053.83277724
 2053.63944838 2052.76778497 2055.10000949 2055.33390299 2057.17112562
 2057.34667969 2051.58500841 2052.5994534  2049.09112549 2050.86390516
 2057.39501953 2062.76390923 2075.95168728 2083.54501343 2094.05388726
 2105.02221002 2108.36664497 2114.70330811 2121.61442057 2134.82831489
 2148.91443549 2163.57944743 2184.5705702  2213.30946181 2235.11112467
 2251.4694553  2268.40556505 2280.90667046 2283.21999105 2273.74776204
 2272.74053955 2275.68665229 2279.94887288 2288.46275499 2311.71830919
 2341.06386312 2365.93608263 2392.6060791  2414.07552083 2434.75718859
 2449.51441786 2465.21331787 2480.10609945 2493.46776666 2515.19554986
 2535.76833767 2555.13945177 2575.12278239 2599.5811225  2624.36334907
 2636.06279161 2655.06723362 2680.08445231 2703.62833659 2726.91721598
 2750.45054796 2787.09332954 2818.53999159 2845.26776801 2874.83610704
 2897.40833876 2913.74500868 2923.70056152 2931.87945557 2937.5772366
 2931.99834527 2933.30722385 2938.13054742 2936.46554226 2929.77053494
 2914.29886203 2905.67108154 2880.47386339 2848.31164551 2817.14442274
 2778.85164388 2750.26331245 2712.96442329 2680.89608426 2646.74441189
 2611.66941325 2583.14664035 2541.16108534 2501.77663845 2462.14219835
 2428.37998454 2398.62998454 2373.99997965 2360.51719835 2347.64219835
 2343.51997206 2333.85496691 2317.81330024 2235.42663574 2088.8344184
 1883.97053358 1613.5527615 ]