Ukendt commit-sha.
Parametre:layers: [16, 16, 4]
layer_amount: 2
layer_sizes: [16, 16]
gamma: 0.99
dropout: 0
bias: True
lr: 0.0005
nochange_punish: 0
optimizer_info: Adam (
Parameter Group 0
    amsgrad: False
    betas: (0.9, 0.999)
    eps: 1e-08
    lr: 0.0005
    weight_decay: 0
)
rewarder: BoardVariance
nbatches: 162
batchsize: 100
determinism: [False, True]


[1789.82 1793.34 1903.42 1736.12 1893.4  1885.7  1957.28 1892.5  1994.26
 1779.04 1774.14 1885.08 1782.44 1797.8  1931.9  1999.74 1871.36 2067.38
 1942.26 1946.66 1955.22 1979.34 1895.94 1969.94 2011.58 1898.8  2039.06
 2039.44 2022.54 1943.86 1997.06 2090.82 1975.84 1999.84 2029.42 1962.56
 1981.08 2029.34 1936.82 1970.9  1891.34 1992.48 2036.26 2000.54 2003.08
 1908.5  2030.08 2043.14 2082.86 1971.32 2094.68 2012.5  2128.1  1945.88
 1916.78 2082.54 2107.3  2221.84 2055.3  2016.98 2127.02 2115.18 2060.78
 2132.74 2103.3  2022.04 2021.36 2066.82 2259.5  2239.1  2103.56 2128.44
 2019.5  2146.56 2105.36 1991.   2266.   2093.1  2234.14 2083.7  2023.8
 2069.68 2100.06 2244.88 2124.6  2279.14 2163.68 2121.18 2266.94 2061.94
 2239.78 2237.76 2416.04 2461.7  2347.52 2163.08 2314.76 2141.12 2124.18
 2336.28 2406.36 2289.26 2417.7  2294.4  2394.52 2488.12 2305.04 2411.12
 2344.46 2473.52 2240.44 2299.36 2295.52 2433.8  2284.8  2334.24 2413.38
 2487.48 2556.86 2474.22 2571.74 2623.14 2480.56 2809.18 2551.   2661.36
 2483.32 2635.06 2765.96 2709.52 2540.3  2653.46 2729.08 2724.06 2609.54
 2400.7  2352.98 2527.82 2369.74 2491.46 2430.44 2325.74 2423.26 2289.14
 2260.9  2236.4  2227.36 2247.18 2131.86 2201.34 2153.6  2010.76 2042.94
 2000.08 1973.24 2026.52 2007.64 1935.26 1923.86 2013.78 1972.58]


[1321.6555481  1535.1349962  1698.26499769 1814.36166721 1874.55111355
 1882.34278361 1880.62611559 1873.52444797 1862.16722616 1855.7483351
 1855.34277683 1860.0183275  1873.98999363 1894.72721354 1917.84443156
 1934.26442803 1948.66664632 1955.29831272 1959.41608683 1958.06941732
 1958.40386285 1960.97441949 1966.37886895 1973.76554023 1978.82332696
 1990.54444716 1998.18056234 2003.04723443 2004.58834839 2007.37335205
 2010.11779446 2005.82056681 2002.19556342 1998.86667209 1991.51111179
 1984.46721395 1979.39998711 1975.24054294 1974.00554403 1971.84109836
 1977.36609904 1983.46721395 1989.32999674 1995.18110826 2001.73610772
 2012.91333008 2022.95944553 2028.89667087 2028.92611355 2032.8566725
 2034.59334649 2039.25613403 2039.17391629 2043.7683648  2058.81614855
 2071.68114895 2082.90336778 2085.83558146 2092.12335205 2096.5766805
 2092.25500827 2085.68334283 2085.92389933 2091.59390598 2095.93780178
 2103.09669325 2113.13891941 2126.73947483 2130.53836738 2124.49114312
 2122.94891697 2117.46947564 2118.00391981 2114.57725016 2113.16668701
 2120.8333469  2119.37834337 2123.12110731 2117.85887994 2119.77165392
 2127.83553738 2135.14442274 2151.69830322 2158.95441352 2172.45273844
 2179.37273492 2189.41718207 2207.48996311 2223.16552734 2246.73220486
 2269.18221707 2290.097229   2295.89501275 2288.75002035 2281.00113932
 2273.94780816 2267.67114258 2268.33669027 2284.61891005 2308.60279677
 2328.13779026 2347.55278863 2362.07390001 2377.31279839 2380.76224772
 2374.75058322 2371.28892008 2365.07225206 2359.23280843 2344.54891629
 2338.94891357 2343.8177965  2356.21057129 2369.09612359 2391.6094496
 2426.0166626  2457.48610433 2492.66610379 2520.4238756  2552.25720893
 2573.66387939 2587.37666829 2607.15111627 2615.22112359 2623.15669081
 2625.67447238 2637.47502984 2651.41669379 2653.08558485 2648.94447157
 2639.89724392 2627.57946777 2598.45335558 2560.39390734 2521.70445421
 2489.51111518 2464.47333442 2436.29554579 2415.07609049 2393.2327474
 2370.72330051 2348.11385091 2315.45773655 2286.9927436  2258.5705363
 2230.96555583 2203.87889947 2172.11057875 2144.03058539 2113.53336249
 2081.96224297 2054.56167603 2028.97611491 2010.63499959 1996.68166436
 1931.29221937 1814.18944295 1645.42666626 1426.53111098]