Kørt på commit-sha a15a4a9df4b1879ee6fb036e5a3a405bde75655f.
Parametre:layers: [16, 16, 4]
layer_amount: 2
layer_sizes: [16, 16]
dropout: 0
bias: True
lr: 0.001
startbatch: 0
with_nochange: True
optimizer_info: Adam (
Parameter Group 0
    amsgrad: False
    betas: (0.9, 0.999)
    eps: 1e-08
    lr: 0.001
    weight_decay: 0
)
rewarder: RewarderCombination, rewarders = ['HeuristicsReward: factor = 1,  weights = [3, 1, 3], discount = False, gamma = 0.99', 'ScoreChange: discount = False , gamma = 0.99'], weights = [1, 0.5], discount = True, gamma = 0.99, product_weight True
nbatches: 223
batchsize: 50
determinism: [False, False]


[1719.6  1632.88 1800.96 1735.2  1642.68 1524.48 1726.12 1825.6  1841.08
 1728.16 1894.84 1810.52 1881.92 1851.48 1892.84 1900.16 1660.68 1838.44
 1801.   1856.24 1879.92 1785.4  1909.48 1709.6  1830.56 1800.92 1820.88
 1851.04 1874.36 1915.76 1871.16 1920.24 1862.08 2189.32 2070.68 2110.96
 2087.08 2013.76 2005.28 2197.64 2182.92 2162.96 2135.   2267.84 2289.44
 2177.64 1906.16 2450.44 2320.08 2345.24 2502.92 2331.32 2395.56 2389.68
 2579.2  2606.72 2649.36 2509.72 2499.32 2702.12 2728.56 2687.88 3070.
 2308.24 2571.16 2795.24 3079.   2727.   2892.8  2785.72 3158.52 2695.24
 3526.12 3010.4  2719.84 3020.96 2819.6  2925.16 2906.48 2816.64 2852.28
 2825.56 2813.28 2996.68 2935.64 2709.12 2838.8  3157.72 3016.88 3058.72
 3039.52 2726.08 3127.12 3052.84 3027.28 3005.32 2873.   3267.84 3187.2
 2900.   2624.24 3096.12 3022.28 3161.68 2848.04 2745.68 3152.6  3290.76
 3018.2  3118.8  3062.76 2734.08 2826.12 3027.08 2807.44 2916.16 2919.68
 3019.28 3057.88 2935.68 3006.04 3055.48 2942.04 3061.24 3223.2  2693.
 2943.   2892.12 3322.72 2858.12 2862.04 3250.08 3055.48 2880.96 2754.2
 3144.72 2947.88 2702.76 3397.4  3046.28 2923.04 2910.24 2815.12 2971.64
 2966.2  2832.   3128.44 3070.84 2934.   3136.8  3407.72 3096.6  3198.48
 2864.08 3278.92 2972.36 2873.24 2900.88 3251.68 3208.72 3256.64 3423.76
 2811.84 2898.72 2968.28 3280.76 3182.88 3081.64 2818.68 3147.68 3233.24
 3405.04 3238.92 2812.44 2983.36 3037.08 2965.   3283.24 3340.36 3303.56
 3290.24 3082.64 3321.12 3108.52 2973.72 2738.68 3041.56 2916.72 3095.76
 3109.48 3043.56 2906.6  2965.72 3002.56 3204.64 3065.16 3131.16 3143.2
 3391.   2679.72 3128.76 2861.96 2915.44 2653.28 3029.48 3000.48 2949.8
 3025.6  3348.96 3093.92 3113.12 2928.8  2928.04 3070.76 3101.76 2902.16
 3294.08 2998.92 3002.12 3242.88 3143.6  3172.2 ]