Kørt på commit-sha 9143bfc731bfb317944a05f73d38945c308e2e8d.
Parametre:layers: [16, 32, 16, 4]
layer_amount: 3
layer_sizes: [16, 32, 16]
dropout: 0
bias: True
lr: 0.001
startbatch: 0
with_nochange: True
optimizer_info: Adam (
Parameter Group 0
    amsgrad: False
    betas: (0.9, 0.999)
    eps: 1e-08
    lr: 0.001
    weight_decay: 0
)
rewarder: RewarderCombination, rewarders = ['HeuristicsReward: factor = 1,  weights = [3, 1, 3], discount = False, gamma = 0.99', 'EndGameBoardSum: discount = False , gamma = 0.99'], weights = [1, 1], discount = True, gamma = 0.99, product_weight False
nbatches: 616
batchsize: 50
determinism: [False, False]


[1878.64 1909.   1682.12 1861.84 1759.96 2007.52 1570.04 1801.24 2043.4
 1929.6  2086.76 1633.16 1771.08 1953.64 2035.4  1925.8  1920.28 1892.12
 1942.4  1837.24 1691.8  1849.76 1893.6  1908.52 1872.   1969.24 2106.24
 2080.48 2067.   2252.08 2136.56 2301.32 2016.64 2057.84 2220.36 2490.32
 2489.12 2415.88 2513.   2637.64 2576.2  2499.68 2773.92 2969.72 2727.68
 3003.   3120.36 3143.84 2936.76 3207.2  3085.64 2873.4  3062.2  3065.72
 3236.12 3483.92 3324.52 3265.68 3175.56 3100.52 3094.64 3211.28 3499.12
 3391.68 3392.64 3494.04 3087.76 3098.76 3251.72 3477.84 3315.88 3172.6
 3592.36 3697.32 3161.   3489.6  3711.8  3428.04 3472.   3394.52 3679.2
 3226.48 3688.16 3884.96 3396.64 3501.4  3722.68 3457.88 3765.92 3629.32
 3472.2  3551.8  3410.92 3610.56 3654.6  3614.36 3694.48 3749.72 3479.44
 3836.08 3577.   3607.6  3709.56 3524.4  3557.72 3586.68 3562.36 3659.24
 3797.76 3643.36 3659.6  3731.64 3722.32 3423.   3415.92 3050.32 3427.24
 3638.96 3558.4  3330.28 3499.84 3570.88 3769.36 3869.68 3537.52 3569.88
 3645.72 3303.36 3435.68 3372.28 3884.28 3111.04 3382.4  3756.92 3755.16
 3539.16 3810.4  3438.08 3517.4  3645.68 3627.12 4102.16 3444.84 3299.12
 3722.44 3431.32 3657.04 3786.96 3615.6  3475.88 3602.16 3721.08 3432.08
 3380.84 3430.84 3418.2  3650.04 3575.52 3329.88 3208.32 3715.84 3282.32
 3524.32 3721.8  3525.12 3889.2  3632.32 3309.8  3463.8  3704.92 3341.92
 3783.44 3306.76 3291.76 3446.48 3482.68 3557.64 3896.64 4040.04 3731.52
 3758.84 3496.48 3718.12 3468.68 3340.88 3232.12 3366.36 3368.56 3447.8
 3524.92 3802.28 3691.92 3598.84 3691.8  3744.72 3466.   3643.16 3446.2
 3686.12 3713.44 3378.36 3376.4  3491.92 3762.52 3394.52 3461.16 3405.2
 3778.72 3473.6  3692.96 3618.08 3375.92 3494.92 3149.24 3488.12 3580.52
 3237.12 3334.84 3378.16 3483.72 3749.36 3529.16 3282.12 3123.96 3586.28
 3359.88 3334.04 3622.16 3407.88 3371.2  3476.64 3456.16 3485.64 3419.8
 3209.32 3471.96 3563.68 3428.96 3282.92 3692.16 3616.16 3577.72 3528.16
 3327.16 3493.68 3438.32 3189.   3453.36 3299.28 3677.04 3345.6  3479.76
 3473.16 3253.   3621.6  3280.24 3330.44 3636.76 3188.44 3965.28 3385.4
 3139.36 3696.56 3376.08 3448.88 3261.88 3291.56 3319.84 3104.84 3309.04
 3709.32 3236.28 3447.16 2972.84 3533.92 3098.48 3273.   3629.92 3559.88
 3100.32 3652.48 3469.72 3362.32 3953.84 3393.6  3367.36 3749.08 3354.64
 3451.36 3703.72 3107.96 3658.6  3536.44 3617.8  3385.   3330.28 3393.12
 3783.68 3544.56 2640.76 3546.92 3642.6  3606.96 3307.76 3432.2  3740.16
 3587.12 3376.36 3258.8  3198.48 3403.76 3361.2  3760.72 3244.8  3178.76
 3465.84 3808.76 3406.04 3354.4  3047.   3596.28 3710.76 3537.68 3565.16
 3543.96 3335.6  3154.36 3428.68 3535.24 3393.4  3184.96 3274.68 3290.4
 3908.24 3190.08 3344.2  3325.88 3441.84 3303.36 3299.92 3165.28 3211.92
 3253.48 3471.76 3226.48 3259.6  3557.   3303.6  3201.12 3479.8  3633.16
 3146.08 3193.56 3449.28 3279.92 3350.68 3296.44 3256.12 3005.04 3003.04
 3235.04 3145.88 3129.84 3407.32 3329.12 3469.04 3417.24 3365.   3406.36
 3624.56 3294.68 3424.6  3638.   3040.64 2937.92 3397.84 3329.28 3098.24
 3141.68 3335.96 3313.6  3226.84 3325.56 3261.48 3133.44 3454.48 3141.72
 3462.76 3088.32 3216.4  3093.36 3249.96 3147.96 3228.36 3560.08 3394.84
 3401.   3280.28 3000.6  3476.   3260.72 3555.44 3406.08 3263.48 3049.88
 3188.8  3033.48 3223.64 2892.92 3112.36 3292.2  3084.8  3411.04 3148.2
 3279.76 3277.28 3379.36 3216.04 3108.96 3153.24 3141.44 3461.84 3075.16
 2810.76 3114.92 3340.64 3409.96 3213.84 3526.04 3284.44 2763.72 3328.2
 2941.04 3407.84 3368.28 3683.52 3351.76 3027.28 3161.16 3052.   3284.36
 3189.48 3145.72 3176.76 3096.16 3500.4  3020.72 3429.   3236.84 3087.64
 3267.24 2969.   3625.6  3135.68 2959.08 2917.28 3199.88 2883.72 3311.12
 3104.72 3055.44 3093.48 3055.44 3429.76 3168.04 3035.52 3299.36 3295.48
 3211.56 3154.28 3375.04 3068.36 3336.28 3136.6  3224.96 3217.92 3147.68
 3179.56 3234.4  3098.24 2937.92 3244.2  3161.92 3117.   3015.56 3533.48
 3390.48 3078.12 3292.2  3288.88 3308.04 3262.4  3137.56 3152.   2991.
 3066.2  3212.8  3211.72 2922.32 3261.68 3228.16 3163.   3195.44 3077.96
 3111.2  3110.88 3306.84 3223.28 3042.8  3566.68 3008.84 3028.16 3201.4
 2968.28 3389.48 2922.72 3076.76 3338.08 3117.44 3172.88 3050.48 3143.2
 3452.28 2997.52 3315.04 3306.56 3024.72 3307.64 3455.2  3281.64 3193.16
 3406.76 3336.92 3349.44 3540.08 3861.44 3369.64 3508.96 3538.76 3224.68
 3108.44 3399.24 3490.2  3163.28 3095.72 3046.12 3380.96 3433.36 3289.44
 3547.6  3375.12 3206.96 3296.64 3309.52 2964.64 3257.92 3140.84 3239.56
 3290.96 3224.32 3302.36 3135.4  3169.12 3247.48 3791.76 3090.24 3074.44
 3181.6  3143.32 3208.16 3503.76 3133.4  3417.76 3355.72 3291.32 3484.12
 3139.36 3125.24 3705.6  3243.12 3331.12 3160.04 3524.96 3131.76 2989.92
 3091.84 2939.12 3312.36 3200.08 3571.   3194.36 3004.76 3270.   3107.92
 2975.96 3227.16 3249.76 3289.28 3186.12 3274.8  3181.76 3025.44 3104.56
 3173.6  3151.56 3321.88 3389.76 3463.8  3196.12 3095.88 3214.96 2755.24
 3418.28 3119.12 3410.84]