Ukendt commit-sha.
Parametre:layers: [16, 16, 16, 4]
layer_amount: 3
layer_sizes: [16, 16, 16]
dropout: 0
bias: True
lr: 0.001
startbatch: 0
with_nochange: True
optimizer_info: Adam (
Parameter Group 0
    amsgrad: False
    betas: (0.9, 0.999)
    eps: 1e-08
    lr: 0.001
    weight_decay: 0
)
rewarder: RewarderCombination, rewarders = ['HeuristicsReward: factor = 1,  weights = [1.9, 1, 1.8], discount = False, gamma = 0.99', 'ScoreChange: discount = False , gamma = 0.99'], weights = [0.5, 0.5], discount = True, gamma = 0.99, product_weight False
nbatches: 495
batchsize: 50
determinism: [False, False]


[2113.36 2195.6  2028.68 1912.32 1879.92 2185.92 2090.8  2005.08 2156.16
 2079.04 2238.12 2028.56 2022.24 2054.68 2292.76 2308.88 2050.88 2117.76
 2321.68 2241.72 2063.04 2180.96 2244.76 2448.24 2253.6  1803.72 2537.68
 2401.28 2410.12 2364.16 2468.72 2463.72 2720.72 2458.04 2759.88 2398.52
 2831.68 2770.   3353.64 2650.24 2994.64 2798.52 2733.84 2921.6  3244.48
 2968.64 3246.84 2828.32 3075.8  2999.32 2741.24 3349.44 2877.64 3320.36
 3543.64 3338.32 3480.28 3206.48 3658.32 3564.24 2937.92 3992.   3458.72
 3826.36 4073.6  3769.32 3717.6  3873.16 3741.28 3343.   3801.12 3501.44
 3679.28 3285.28 4134.84 3667.36 3871.36 4072.8  4376.76 3786.4  4125.84
 4003.36 3617.36 3779.88 3807.36 3854.72 4130.24 3877.44 4265.52 3744.64
 3664.   3897.04 3844.92 4513.48 3431.72 3812.16 3998.44 4045.44 4157.24
 3836.76 3516.56 3572.36 4135.44 4095.16 3990.04 3268.8  3802.16 4078.88
 3973.12 3944.48 3805.6  3797.12 3861.96 3674.52 3794.04 3654.   3494.64
 3569.56 3169.28 3690.2  3495.2  3222.64 3550.88 3270.92 3318.12 3452.16
 3691.24 3211.   3801.6  3521.68 3493.52 3747.24 3618.48 3844.08 3384.44
 2972.04 3570.88 3449.   3670.16 3267.2  3793.36 3786.2  3336.36 3494.52
 2970.72 3767.08 3201.04 3371.12 3624.8  3108.36 3361.72 3175.72 3238.36
 3200.28 3434.08 2898.88 2876.32 3375.4  2924.52 3380.72 3521.92 3039.52
 3547.72 3339.92 2930.6  3099.84 3394.44 3131.76 3139.12 3461.36 3654.88
 3321.84 3150.64 3479.92 2900.76 3322.48 3288.28 3390.96 2957.36 3418.6
 3050.04 3065.2  3442.44 2915.08 2954.6  3252.16 3153.84 2871.4  2761.72
 3379.2  3131.04 3284.8  3337.92 3233.52 3114.52 2992.84 2822.6  3167.24
 3078.4  2991.48 2839.92 3007.36 3107.44 2723.08 3014.56 3101.68 3369.64
 3105.64 2633.84 2618.96 2897.4  2918.92 2909.76 3202.08 2838.88 2765.8
 2973.4  2812.   2842.2  2995.2  2784.76 2817.08 2808.12 2823.16 3177.32
 2791.08 3130.4  3080.24 3438.   2753.32 3136.96 3125.36 3182.32 2878.68
 3045.52 2917.64 3126.44 2562.08 2953.88 3232.56 2935.32 2897.96 2659.76
 2960.88 3232.12 2965.32 3149.64 2784.6  3058.   2681.96 3144.96 3176.6
 2729.04 2832.32 2692.36 2695.4  2553.32 2960.16 2930.88 3021.36 2687.84
 2658.6  2524.84 3032.68 2991.6  2723.4  2908.16 2736.24 2789.2  2807.08
 2732.92 2709.08 2578.56 2852.92 2942.36 2490.4  2939.36 2961.12 2666.96
 2716.04 3133.52 2494.4  2760.56 2683.32 2727.52 3168.96 2874.48 2974.04
 3099.52 3063.48 3047.96 2854.16 3003.44 3153.32 3455.08 3275.36 3483.28
 3033.44 3251.84 3098.08 3551.64 3523.8  3068.36 3476.84 3602.8  3336.92
 3391.88 3462.8  3199.16 3415.16 3846.68 3330.48 3237.08 3682.88 3403.24
 3497.92 3947.52 3143.28 3555.24 3593.28 3935.52 3693.04 3584.88 3917.04
 3397.76 3978.96 3858.56 3846.64 4222.92 3871.36 4123.96 3800.48 4230.88
 4121.92 3962.   4108.56 3845.72 3838.56 3915.36 4107.72 3933.52 3625.4
 3909.84 4318.36 3758.8  3974.96 3440.64 4345.32 4038.68 3939.76 3638.24
 4264.12 3457.12 4467.2  3784.16 4032.28 4357.2  3903.92 3865.72 4039.36
 4149.36 3441.4  4433.68 4091.24 3969.56 3647.28 4191.4  3751.56 4021.88
 3829.   4293.16 3938.   3747.68 4154.64 4034.76 3838.92 4118.08 4004.28
 3991.52 4003.72 3946.16 3867.36 4351.76 3993.88 4115.2  3731.56 3661.6
 4126.8  4210.24 3769.04 4059.96 4352.56 4016.36 4492.12 3704.32 4012.72
 3800.36 4045.24 3591.36 3581.12 4395.56 4255.32 3866.52 4289.6  3987.16
 3995.64 3381.24 3769.96 4090.12 3990.72 4087.32 3626.72 3887.2  4122.
 3758.6  3742.28 4149.4  3801.84 4296.72 3847.12 3670.76 4127.12 3727.96
 3907.92 4082.04 3928.64 3804.12 3925.56 3945.6  3579.68 3528.92 3852.8
 4214.44 3828.84 4133.56 3998.92 4129.56 4076.96 3718.8  4181.48 3926.48
 4019.56 3671.28 3766.4  4154.64 3702.6  4449.44 4014.52 3867.2  3851.72
 3827.   4045.36 4117.16 4087.24 3617.16 3594.56 3716.64 3713.84 3778.2
 3880.76 3903.24 3954.8  3858.2  4189.32 4018.76 3995.28 3968.76 3775.88
 3591.88 3493.92 4530.96 3807.04 3897.76 4052.48 3641.92 3977.64 3883.24
 4255.8  4224.2  3799.76 3727.8  3828.16 3739.12 3913.48 3581.   3838.68
 4155.76 4179.32 4012.96 4228.28 3929.08 3711.12 3953.12 3987.88]