Ukendt commit-sha.
Parametre:layers: [16, 200, 100, 4]
layer_amount: 3
layer_sizes: [16, 200, 100]
dropout: 0
bias: True
lr: 0.001
startbatch: 0
with_nochange: True
optimizer_info: Adam (
Parameter Group 0
    amsgrad: False
    betas: (0.9, 0.999)
    eps: 1e-08
    lr: 0.001
    weight_decay: 0
)
rewarder: RewarderCombination, rewarders = ['HeuristicsReward: factor = 1,  weights = [100, 1, 100], discount = False, gamma = 0.99', 'BoardVariance: corner = all, discount = False, gamma = 0.99', 'ScoreChange: discount = False , gamma = 0.99'], weights = [1, 0.1, 1], discount = True, gamma = 0.99, product_weight False
nbatches: 440
batchsize: 10
determinism: [False, False]


[2093.2 1800.2 2007.2 2333.2 1593.8 2608.2 2282.  3733.8 2537.2 2850.6
 2869.2 4505.2 2703.4 3530.6 3343.6 3551.2 4864.2 5306.2 4618.8 4557.4
 5197.  3720.4 5370.6 4313.6 4137.4 4236.2 5357.  3894.4 3530.4 3846.2
 4574.8 4023.6 3793.2 4534.2 4089.8 3999.2 4022.2 3433.  4573.6 5078.
 4548.4 3856.8 4166.8 4062.8 2855.2 4249.4 4225.4 4738.8 4070.4 4337.
 4024.6 4062.  3570.  3952.4 3747.4 4614.  4865.6 3262.  3837.  3602.6
 2888.4 3442.8 3920.2 3753.6 5252.2 5511.8 3705.2 3613.4 4002.  4553.6
 3307.2 3246.4 4027.2 3548.6 5389.  4555.4 2802.2 3647.6 3426.8 4262.8
 2885.8 4355.4 3595.  3847.  3756.  3401.4 3644.8 4331.6 4748.2 4873.8
 3778.6 4408.6 3456.4 3498.2 4782.4 3989.6 5094.4 3814.2 3888.2 3602.8
 4340.8 3951.8 3423.2 3620.4 4265.2 4155.4 3541.  3325.2 3746.8 3975.
 3422.2 3459.  3799.4 3696.4 4923.4 4089.8 3899.2 3900.8 5763.4 4804.6
 4614.8 4058.2 4456.  4485.8 3586.8 4072.4 4199.2 5268.2 3313.  4519.8
 4622.4 3216.6 3900.  4943.8 3071.8 4934.4 4629.6 3551.6 3580.8 4491.4
 4373.8 5176.4 3956.2 3581.4 3927.2 3375.  3906.6 3964.8 3931.8 2991.8
 3036.4 3864.  3377.8 4891.8 4198.4 3744.4 3362.8 3124.  4371.8 4697.4
 4223.4 4222.  4060.8 4242.  4855.8 3762.4 4211.6 4471.2 4864.4 3984.4
 4452.2 4193.2 3179.8 3512.2 4371.6 4988.2 3417.8 3063.2 4253.8 3050.8
 4307.  4401.6 3830.4 4342.  4488.2 4701.6 4644.2 4135.2 3639.2 3709.2
 3881.6 4596.4 3900.  4057.2 4108.8 3490.6 3869.  3294.  3332.8 4238.
 3872.  4455.8 3524.2 4639.8 4896.  4579.4 3639.8 3680.8 4682.8 4578.2
 3988.8 4800.6 3824.4 4367.  4090.2 4222.2 4530.2 4499.2 4571.  3725.2
 3776.8 4489.4 3433.2 4127.6 3528.6 5820.8 4506.4 4315.8 4542.6 4335.8
 3599.2 4265.2 3339.8 3283.2 5382.6 3671.6 4970.  4489.6 3779.8 4390.4
 4091.6 3591.  4155.6 3845.  4285.  4359.6 4520.  3250.4 3585.8 4384.2
 4319.8 3995.2 4690.  3423.8 3638.6 5120.2 4479.8 4338.2 3909.2 4215.2
 4360.6 3350.8 4094.  3586.4 4003.6 4155.2 3675.2 3522.6 3900.  4484.8
 3825.  4584.  5568.8 4495.6 3679.6 4570.4 5359.8 3406.4 4934.4 4246.8
 4165.4 3833.  4409.8 3246.2 3837.8 4950.2 4964.  3750.6 3468.4 4245.6
 2716.6 3321.4 3856.8 3795.  3446.8 3757.6 3698.2 4315.4 5041.  3705.
 3448.  4139.  4634.6 4093.4 4768.2 5865.  4908.2 4616.4 4826.6 4151.
 3493.  3796.6 5431.6 3675.  4521.  3945.8 4245.8 4570.2 4563.8 3684.4
 3577.4 4782.4 4514.6 5406.8 4077.2 4011.4 4616.6 4144.4 4951.6 3132.2
 4936.6 3277.2 4511.4 4666.  4809.2 4467.6 3648.6 4332.  3288.8 4910.2
 3626.6 3938.8 3487.2 4468.2 4931.8 4071.2 4148.6 3578.  4465.  4297.4
 4604.2 5489.  3895.8 3419.2 4978.2 3238.  4554.  3651.  3614.8 4454.8
 3320.  3854.  5082.4 5145.8 3917.4 3684.6 3419.4 4596.2 4281.6 4330.8
 4247.4 4155.2 4518.8 4446.4 3587.2 3536.4 3469.2 4567.  4150.  4385.4
 3455.2 3439.6 3914.2 3698.  3837.4 4179.4 4020.8 4219.  3360.  4873.4
 3786.6 4689.  4134.6 3294.4 4851.6 3922.2 4631.6 3727.8 3787.  3275.4
 3941.8 3635.4 3592.8 3709.6 4133.4 3206.8 3498.  4466.4 3484.  3406.4
 3292.8 3829.2 4811.4 3679.2 5250.8 4627.6 4089.2 3590.2 3620.2 4691.4
 4162.8 3765.6 4962.6 3716.  3476.8 2931.4 4870.8 3717.8 3891.4 4340.2
 3453.  4701.4 3550.6 3469.2 3518.2 3733.2 3626.4 3801.2 3887.6]