Kørt på commit-sha 3890ea6200ff135025848eb39d7812c4432570b2.
Parametre:layers: [16, 128, 64, 4]
layer_amount: 3
layer_sizes: [16, 128, 64]
dropout: 0
bias: True
lr: 0.001
startbatch: 0
with_nochange: True
optimizer_info: Adam (
Parameter Group 0
    amsgrad: False
    betas: (0.9, 0.999)
    eps: 1e-08
    lr: 0.001
    weight_decay: 0
)
rewarder: RewarderCombination, rewarders = ['HeuristicsReward: factor = 1,  weights = [2, 0.5, 1], discount = False, gamma = 0.99', 'ScoreChange: discount = False , gamma = 0.99'], weights = [1, 1], discount = True, gamma = 0.99, product_weight True
nbatches: 128
batchsize: 50
determinism: [False, False]


[2003.64 1669.24 1844.64 1797.88 1833.84 1855.08 1805.92 1926.48 1969.32
 2233.24 2125.76 2177.52 2042.92 2334.6  2435.2  2550.04 3108.76 2750.32
 2917.88 2936.08 2888.2  2906.44 2858.12 2804.24 3107.32 2890.84 3000.48
 3279.36 3004.2  3008.2  2781.88 3035.12 3001.68 2782.8  3086.96 3219.68
 3010.8  2856.68 2889.92 2859.48 3172.36 2984.76 2926.52 3157.36 2733.
 3007.88 3058.96 3070.72 2768.   2827.16 3055.64 3007.96 2791.8  2990.56
 2868.44 3040.48 3172.92 3048.96 2681.6  3327.24 3380.72 3223.52 3352.4
 3414.84 3061.44 3018.76 2768.56 3239.6  2970.04 3309.28 3771.88 2858.32
 2991.64 2690.96 3066.6  3212.72 3095.2  3333.08 3072.28 3472.   3320.76
 2962.16 2997.96 2866.8  3227.12 3039.24 3220.92 3149.64 2986.36 2839.12
 3018.84 3183.68 2727.32 2856.68 3044.88 3251.28 3090.6  3185.6  3109.12
 2898.32 2827.44 3102.32 3260.16 3029.76 2968.32 2922.64 3101.76 2799.88
 2982.36 3018.92 2782.48 2898.08 2985.16 3221.2  2851.44 2916.32 2851.48
 3065.24 2742.52 3274.36 3111.04 2797.76 3177.08 2817.92 2985.72 2786.24
 3032.8 ]