
Netværk: 2 layers med [16, 20] neuroner og bias = True.
Parametre: Learning-rate: 0.001, gamma: 0.99, dropout: 0.
Kørsel: 50 batches med størrelse 40



[1809.95 2058.8  1914.75 1895.85 1839.5  1860.55 2015.5  1723.65 1981.25
 1809.85 1905.55 2124.3  1792.7  1964.   1863.55 1913.1  1855.65 2063.1
 1967.65 1957.9  2023.45 1821.35 2019.4  1990.85 2081.35 2030.05 1922.55
 1948.1  1985.65 2140.   1984.15 2313.95 2243.6  2031.45 2442.25 2198.3
 2244.4  2280.05 2395.2  2230.45 2345.1  2436.15 2442.25 2451.4  2358.95
 2357.95 2057.65 2672.6  2836.85 2603.75]