Kørt på commit-sha 84f8bf53e3435dced3d91f9cfce072c47b95c34f.
{'layers': [16, 16, 4], 'layer_amount': 2, 'layer_sizes': [16, 16], 'gamma': 0.99, 'dropout': 0, 'bias': True, 'lr': 0.001, 'optimizer_info': 'Adam (\nParameter Group 0\n    amsgrad: False\n    betas: (0.9, 0.999)\n    eps: 1e-08\n    lr: 0.001\n    weight_decay: 0\n)', 'nbatches': 200, 'batchsize': 50}


[1736.2  1754.6  1716.88 1795.76 1709.56 1709.12 1606.88 1801.12 1821.52
 1848.28 1935.88 1918.72 1844.12 1882.32 1815.16 1762.96 1652.36 1740.96
 1784.92 1690.88 1915.2  1745.04 1806.96 1794.48 1782.2  1641.08 1774.2
 1748.88 2063.88 1711.08 1882.12 1763.76 1814.16 1886.2  1744.36 1744.56
 1818.36 1942.16 1878.84 1847.68 1824.88 1704.   1815.6  1849.04 1801.32
 1907.8  1805.6  2101.68 1684.64 1826.88 1898.16 1920.36 2038.64 1961.
 1936.12 1955.84 1825.4  2084.96 1935.68 2001.36 1750.88 1966.96 2007.2
 1937.52 1833.28 1984.68 2019.2  1988.56 2124.68 1876.88 1972.48 1853.16
 1798.8  1956.12 1784.28 2060.88 1920.4  1835.76 2253.96 1928.2  2217.24
 1765.76 1978.4  1976.76 1999.8  1862.32 1859.52 1924.4  2105.8  1919.48
 1968.76 1990.52 2119.44 1829.48 1876.   2145.8  1909.8  1997.84 1928.44
 1958.36 2176.16 1936.28 1704.76 2078.84 2155.44 2244.64 1766.52 2045.76
 1894.56 1987.64 1896.2  2091.64 1952.08 2066.88 2046.4  2185.64 2102.4
 1832.72 2010.68 1997.88 2097.52 1923.2  1961.84 2004.48 1958.88 2225.72
 1959.68 2220.8  2036.36 2335.92 2395.96 2390.64 2049.68 2018.92 2196.68
 2326.36 2141.76 2427.8  2313.04 2118.88 2355.64 2265.28 2088.44 2377.64
 2354.08 2330.88 2454.72 2259.92 2233.52 2313.56 2498.6  2558.08 2395.16
 2438.   2430.04 2350.88 2534.32 2369.64 2585.8  2762.4  2449.8  2658.56
 2762.56 2777.76 3017.32 2885.12 2562.08 2906.24 2882.56 2810.4  2579.2
 3033.96 2997.6  2913.76 2693.64 2747.   2888.52 3119.16 2806.92 2894.64
 3283.2  2870.32 2937.68 2704.48 2488.48 2702.   2518.24 2407.   2850.2
 2653.4  2863.12 2917.36 2739.96 2742.   2810.2  2679.52 2507.12 3063.76
 2807.64 2863.48]


[1203.26448651 1380.20408163 1524.78694246 1635.58123156 1715.75510951
 1763.8040896  1784.6808235  1804.51918995 1821.79673798 1832.39428462
 1836.15427944 1832.91509387 1823.79345952 1809.72162239 1793.93223354
 1780.23590711 1773.43835698 1771.46039939 1769.27754056 1771.92243553
 1770.50202537 1777.01957111 1780.68242287 1783.2334383  1784.56649593
 1792.36731206 1800.75343541 1812.44159807 1811.10609405 1813.91671317
 1816.16406748 1821.13631766 1823.26040338 1821.84734734 1819.70286342
 1825.52490483 1829.78368144 1829.94286362 1828.34449737 1825.20327198
 1828.96245217 1833.15020378 1836.11836585 1839.46285326 1848.11101672
 1858.83836147 1873.59591239 1879.325711   1890.98530423 1902.3844891
 1916.59346849 1928.68571379 1937.34693878 1938.54857153 1943.75836555
 1944.48162966 1947.52326062 1941.61632304 1936.39673101 1932.30203683
 1937.34611916 1944.97958935 1948.90530582 1951.25632773 1959.14938915
 1962.24898109 1963.69714605 1956.12571747 1944.03347218 1935.48898129
 1923.44081832 1919.16653131 1921.32652812 1930.10285047 1942.67019342
 1954.85631577 1967.30447824 1985.89060009 1988.30447824 1986.67591079
 1973.74203803 1968.12571747 1962.99020946 1956.54123236 1946.55511101
 1949.80898986 1953.85143794 1962.88245625 1965.79020847 1969.70286093
 1974.37224719 1977.96408143 1973.0212228  1975.76652683 1980.72979114
 1975.87591179 1974.66937879 1976.08570332 1985.22202846 1993.73059829
 1992.50284499 1989.19345902 2000.65795151 2004.94529755 2004.71427575
 1992.05958277 1989.44978426 1989.51426977 1996.37058803 1999.79588349
 2005.65301887 2011.15995446 2023.57219587 2030.47995307 2034.86036153
 2028.73301977 2018.26527374 2011.66773208 2011.11100177 2008.83998575
 2008.45957978 2012.90284947 2029.54774942 2056.18040248 2089.04978725
 2113.93794842 2140.81467983 2164.68324498 2192.16079151 2208.04160605
 2216.58283094 2214.72895906 2217.87998495 2226.69386509 2237.39999452
 2237.33224051 2246.04080885 2252.59509028 2261.09712064 2275.04078643
 2280.15914979 2283.2293477  2295.7493473  2305.92404735 2321.76650191
 2338.55671536 2348.15182557 2363.1722437  2381.23592455 2399.2106236
 2412.08490613 2421.36163704 2436.82122429 2452.86285276 2470.09631597
 2493.33631617 2517.03917211 2556.59183175 2601.68735053 2635.20001594
 2677.78696488 2720.28166853 2755.35105927 2781.40004185 2794.57065131
 2803.92819774 2824.55104532 2831.52001455 2831.1510234  2831.39999701
 2846.72080776 2857.06855867 2863.01957111 2869.33303272 2883.59098972
 2904.50690569 2920.0726144  2911.74771305 2905.91505899 2894.50200295
 2857.66772461 2816.81711376 2766.27344248 2722.72324418 2700.79672054
 2681.78611288 2675.02366669 2694.37142259 2710.64652922 2729.73796735
 2749.68654337 2758.64327567 2769.34613162 2719.52327308 2604.1208247
 2437.5175582  2222.73387675 1941.32978914]